800 175
28 40
29 40
24 40
26 40
45 41
17 40
42 41
41 41
29 39
44 42
17 39
42 42
43 42
19 39
29 38
21 38
20 38
19 38
42 43
31 37
21 37
22 37
44 44
18 37
34 2
36 2
48 37
43 37
47 37
46 37
16 44
17 44
22 44
23 44
20 44
21 44
24 43
47 38
46 38
16 43
45 38
17 43
20 43
21 43
25 42
17 42
46 39
16 42
26 41
41 40
43 40
45 40
44 40
17 41
16 41
23 41
25 48
44 49
42 49
28 48
36 49
37 49
30 48
32 49
33 49
31 48
16 48
17 48
24 47
28 47
36 50
30 47
35 50
16 47
17 47
20 47
21 47
44 51
45 51
43 51
32 51
33 51
34 51
35 51
17 46
16 46
21 46
20 46
23 46
22 46
45 52
44 52
17 45
34 3
16 45
37 3
16 52
17 52
28 52
42 45
44 45
22 51
23 51
20 51
21 51
16 51
17 51
30 51
28 51
45 46
21 50
20 50
17 50
16 50
31 50
30 50
37 47
39 47
41 47
45 47
24 50
17 49
16 49
32 48
33 48
36 48
28 49
38 48
39 48
41 48
44 48
25 49
39 57
37 57
16 56
45 57
17 56
41 57
28 56
30 56
31 56
25 56
16 55
45 58
17 55
28 55
25 55
21 54
20 54
44 59
17 54
16 54
42 59
31 54
30 54
24 54
21 53
20 53
23 53
22 53
44 60
17 53
16 53
28 53
30 53
43 53
16 60
45 53
44 53
17 60
34 53
35 53
22 60
32 53
33 53
23 60
20 60
21 60
16 59
17 59
35 54
36 54
42 55
44 55
17 58
16 58
32 55
33 55
23 58
22 58
21 58
36 55
37 55
20 58
41 56
44 56
17 57
16 57
32 56
33 56
36 56
21 57
38 56
39 56
20 57
24 57
30 57
28 57
46 67
47 67
16 64
17 64
43 67
20 64
21 64
26 66
22 64
17 65
23 64
24 66
16 65
24 64
23 66
47 68
22 66
26 64
21 66
20 66
27 65
26 65
25 65
17 66
48 67
16 66
45 69
44 69
16 63
46 69
17 63
43 69
20 63
21 63
25 63
46 70
44 71
17 62
16 62
43 71
25 62
44 72
41 72
43 72
42 72
17 61
41 73
16 61
37 4
38 4
21 61
20 61
24 61
21 73
20 73
42 61
25 74
17 73
16 73
22 4
17 74
24 73
16 74
42 62
43 62
16 71
44 62
17 71
22 72
23 72
20 72
21 72
16 72
17 72
20 69
21 69
41 63
42 63
45 63
16 69
17 69
22 70
23 70
20 70
21 70
24 69
16 70
17 70
46 65
21 67
20 67
41 64
43 64
25 68
44 64
45 64
17 67
16 67
47 66
46 66
45 66
25 67
17 68
16 68
17 81
16 81
46 83
47 83
21 81
43 83
20 81
17 82
24 81
48 83
16 82
23 82
47 84
46 84
22 82
45 84
21 82
20 82
20 79
21 79
16 79
25 80
46 85
17 79
45 86
44 86
16 80
25 79
17 80
41 86
43 86
24 78
45 87
16 77
17 77
26 78
41 87
42 87
20 78
21 78
22 78
23 78
44 88
16 78
25 77
17 78
26 77
39 5
27 77
42 88
43 88
21 75
20 75
42 89
17 75
24 76
16 75
26 76
21 76
20 76
23 76
22 76
25 75
17 76
16 76
44 90
17 89
24 90
16 89
26 90
25 89
17 90
16 90
27 89
26 89
21 90
20 90
23 90
22 90
41 77
26 88
24 88
16 87
17 87
24 5
25 5
20 87
21 87
41 78
42 78
43 78
22 5
44 78
16 88
23 5
25 87
17 88
22 88
23 88
20 88
21 88
43 79
44 79
16 85
25 86
17 85
20 85
21 85
24 85
16 86
46 80
17 86
17 83
16 83
46 81
44 81
45 81
43 81
17 84
16 84
47 82
23 84
22 84
21 84
20 84
30 99
28 99
36 100
25 99
35 100
17 98
16 98
44 101
28 98
42 101
36 101
37 101
25 98
32 101
33 101
17 99
16 99
44 102
16 95
30 97
17 95
41 102
28 97
36 102
38 102
39 102
30 96
33 102
32 102
24 97
31 96
45 103
16 96
17 96
21 97
41 103
20 97
20 96
28 95
37 103
21 96
39 103
22 96
17 97
23 96
16 97
45 104
16 93
17 93
20 93
28 94
21 93
30 94
31 94
24 93
42 105
16 94
17 94
37 6
39 6
38 6
44 105
40 6
20 94
28 93
21 94
22 94
30 93
23 94
25 92
17 91
16 91
44 106
21 91
20 91
25 91
42 107
17 92
16 92
21 106
20 106
42 91
17 106
24 107
16 106
44 91
26 107
21 107
20 107
23 107
22 107
25 106
17 107
16 107
45 92
24 6
25 6
37 93
20 104
39 93
21 104
41 93
25 105
45 93
16 104
17 104
33 94
32 94
36 94
39 94
38 94
41 94
17 105
16 105
44 94
24 104
32 95
33 95
30 103
37 95
36 95
28 103
42 95
44 95
16 102
17 102
30 102
22 103
35 96
31 102
44 97
45 97
23 103
36 96
28 102
43 97
20 103
21 103
35 97
34 97
16 103
33 97
32 97
17 103
45 98
44 98
21 100
28 101
20 100
17 100
16 100
22 101
31 100
23 101
30 100
45 99
44 99
20 101
43 99
21 101
34 99
35 99
16 101
24 100
32 99
33 99
17 101
17 114
16 114
46 116
17 115
16 115
44 117
23 115
22 115
21 115
43 117
20 115
20 112
21 112
44 118
16 112
17 112
41 118
43 118
42 118
17 113
16 113
24 112
23 113
22 113
41 119
21 113
20 113
41 7
20 110
21 110
16 110
25 111
17 110
36 7
16 111
25 110
17 111
24 109
17 108
16 108
26 109
20 109
34 123
21 109
33 123
22 109
23 109
25 108
16 109
17 109
27 108
26 108
42 108
43 108
44 108
18 122
21 122
31 123
22 122
41 109
42 109
45 109
20 123
31 122
41 110
43 110
19 120
44 110
45 110
17 120
29 121
19 121
46 111
21 121
20 121
27 7
29 120
26 119
45 112
24 119
16 118
46 112
47 112
48 113
17 118
23 118
28 119
29 119
26 118
17 119
46 113
47 113
43 113
17 116
25 117
16 116
47 114
21 116
20 116
16 117
24 116
17 117
46 115
44 115
45 115
43 115
38 137
26 135
22 134
34 137
37 138
25 136
24 136
37 139
23 136
27 133
35 139
23 135
22 135
26 134
25 134
24 134
36 141
37 141
27 131
38 141
28 132
24 131
37 142
27 132
38 142
26 132
29 131
28 131
37 143
36 143
27 129
38 143
26 129
25 129
24 129
27 128
28 130
35 145
24 127
25 127
37 145
38 8
41 8
22 126
37 146
23 126
34 147
24 126
25 126
38 147
34 148
39 148
38 148
37 148
36 148
41 150
40 149
20 124
38 150
31 125
22 124
41 152
38 151
41 151
22 125
36 152
34 124
25 151
24 151
27 151
26 151
27 152
32 125
34 125
28 150
24 149
27 149
29 149
28 149
28 148
27 147
22 146
27 148
23 145
22 145
26 148
24 8
25 8
34 127
26 8
36 127
27 8
26 145
25 146
24 146
26 146
38 129
34 128
37 129
37 128
39 130
23 141
24 144
25 144
39 131
38 131
37 131
23 144
41 132
25 141
36 132
23 143
40 131
25 142
38 133
41 134
25 139
38 134
26 140
23 137
41 133
39 136
38 136
37 136
36 136
23 139
34 136
40 135
25 138
40 10
28 9
22 154
23 154
24 153
25 153
24 154
25 154
22 155
37 153
39 153
38 153
40 153
39 154
37 155
38 155
34 156
37 156
34 157
36 157
41 9
38 9
28 10
29 10
24 10
27 10
34 12
38 12
26 11
27 11
28 11
36 11
37 11
38 11
39 11
34 11
27 12
35 14
37 14
22 13
26 13
24 13
25 13
37 13
22 14
23 14
26 14
36 16
37 16
38 16
23 15
24 15
25 15
38 17
37 17
25 17
23 16
35 20
37 20
26 19
37 21
25 18
23 18
36 18
37 18
38 18
25 21
25 20
23 20
40 24
25 23
24 23
23 23
41 25
38 25
23 22
38 22
34 22
22 25
26 25
25 25
24 25
34 23
38 23
39 23
36 23
37 23
26 24
22 24
23 24
40 28
37 28
39 28
38 28
28 27
27 27
26 27
39 29
27 26
41 26
38 26
28 29
41 27
36 27
28 28
29 28
24 28
27 28
34 32
36 32
41 32
43 32
42 32
44 32
44 33
43 33
46 34
27 31
34 34
32 34
45 35
44 35
46 35
43 35
34 35
26 30
47 36
27 30
24 30
25 30
33 36
34 36
37 30
38 30
31 36
20 36
22 35
20 35
34 31
31 34
37 31
41 31
22 34
25 33
24 33
24 32
23 33
25 32
22 33
